Flux_10b_mean: 15.462691909922151
Flux_20b_mean: 39.98067916385036
Flux_dis_10_1_mean: 437.3498084530394
Flux_dis_10_mean: 224.88137424038678
Flux_dis_20_1_mean: 772.432136831695
Flux_dis_20_mean: 430.2593494622348
Flux_selected_10b_mean: 35.220043600067974
Flux_selected_20b_mean: 79.40555464521279
Global_mean_flux_10: 71.07209436931673
Global_mean_flux_20: 65.59772487789084
Global_mean_flux_dis_10: 1067.028121181271
Global_mean_flux_dis_20: 891.2679575202482
Global_mean_flux_dis_selected_10: 2237.2295961561563
Global_mean_flux_dis_selected_20: 1495.8819774153135
Global_mean_flux_selected_10: 213.87471331931275
Global_mean_flux_selected_20: 177.50356588238586
