Flux_10b_mean: 57.342534689351055
Flux_20b_mean: 211.54444469792685
Flux_dis_10_1_mean: 5746.276325002482
Flux_dis_10_mean: 870.7865000165268
Flux_dis_20_1_mean: 3891.9374771622147
Flux_dis_20_mean: 2932.92489799365
Flux_selected_10b_mean: 418.6397478269885
Flux_selected_20b_mean: 393.24317470331175
Global_mean_flux_10: 71.07209436931673
Global_mean_flux_20: 65.59772487789084
Global_mean_flux_dis_10: 1067.028121181271
Global_mean_flux_dis_20: 891.2679575202482
Global_mean_flux_dis_selected_10: 2237.2295961561563
Global_mean_flux_dis_selected_20: 1495.8819774153135
Global_mean_flux_selected_10: 213.87471331931275
Global_mean_flux_selected_20: 177.50356588238586
