Flux_10b_mean: 288.86839675472356
Flux_20b_mean: 234.0768796686797
Flux_dis_10_1_mean: 8748.748050264927
Flux_dis_10_mean: 3958.5815577897934
Flux_dis_20_1_mean: 5117.377040527421
Flux_dis_20_mean: 3350.7510975857354
Flux_selected_10b_mean: 477.30402849873803
Flux_selected_20b_mean: 422.2970007153215
