Flux_10b_mean: 480.4411343857503
Flux_20b_mean: 248.8293538374279
Flux_dis_10_1_mean: 10222.604245076542
Flux_dis_10_mean: 6621.178905973558
Flux_dis_20_1_mean: 6014.860697000754
Flux_dis_20_mean: 3604.249762701057
Flux_selected_10b_mean: 861.7517028534951
Flux_selected_20b_mean: 514.4362802301671
