Flux_10b_mean: 400.39609435296734
Flux_20b_mean: 363.1500933917465
Flux_dis_10_1_mean: 13160.63464787665
Flux_dis_10_mean: 6037.518923997962
Flux_dis_20_1_mean: 7806.36337075311
Flux_dis_20_mean: 4679.529931817905
Flux_selected_10b_mean: 1572.9019452664213
Flux_selected_20b_mean: 1097.6880220887697
Global_mean_flux_10: 71.07209436931673
Global_mean_flux_20: 65.59772487789084
Global_mean_flux_dis_10: 1067.028121181271
Global_mean_flux_dis_20: 891.2679575202482
Global_mean_flux_dis_selected_10: 2237.2295961561563
Global_mean_flux_dis_selected_20: 1495.8819774153135
Global_mean_flux_selected_10: 213.87471331931275
Global_mean_flux_selected_20: 177.50356588238586
