Flux_10b_mean: 34.43869058134583
Flux_20b_mean: 19.49427520014071
Flux_dis_10_1_mean: 524.707517739315
Flux_dis_10_mean: 504.1670787984238
Flux_dis_20_1_mean: 377.59815182840305
Flux_dis_20_mean: 278.6678608681177
Flux_selected_10b_mean: 36.57878301096853
Flux_selected_20b_mean: 34.0574594716298
Global_mean_flux_10: 71.07209436931673
Global_mean_flux_20: 65.59772487789084
Global_mean_flux_dis_10: 1067.028121181271
Global_mean_flux_dis_20: 891.2679575202482
Global_mean_flux_dis_selected_10: 2237.2295961561563
Global_mean_flux_dis_selected_20: 1495.8819774153135
Global_mean_flux_selected_10: 213.87471331931275
Global_mean_flux_selected_20: 177.50356588238586
