Flux_10b_mean: 49.82098430864697
Flux_20b_mean: 27.249443308138787
Flux_dis_10_1_mean: 711.3258781949445
Flux_dis_10_mean: 666.0121271621362
Flux_dis_20_1_mean: 448.56683098310793
Flux_dis_20_mean: 379.4443969454861
Flux_selected_10b_mean: 50.52878802911592
Flux_selected_20b_mean: 36.909810572843135
