Flux_10b_mean: 30.10129325570835
Flux_20b_mean: 17.943741299477626
Flux_dis_10_1_mean: 474.7449305379934
Flux_dis_10_mean: 457.10919376183574
Flux_dis_20_1_mean: 284.9887556230791
Flux_dis_20_mean: 264.7387240645105
Flux_selected_10b_mean: 31.461325309919413
Flux_selected_20b_mean: 20.936789185747454
Global_mean_flux_10: 71.07209436931673
Global_mean_flux_20: 65.59772487789084
Global_mean_flux_dis_10: 1067.028121181271
Global_mean_flux_dis_20: 891.2679575202482
Global_mean_flux_dis_selected_10: 2237.2295961561563
Global_mean_flux_dis_selected_20: 1495.8819774153135
Global_mean_flux_selected_10: 213.87471331931275
Global_mean_flux_selected_20: 177.50356588238586
