Flux_10b_mean: 42.1099534742039
Flux_20b_mean: 52.559726888301626
Flux_dis_10_1_mean: 788.3575213086763
Flux_dis_10_mean: 639.4690991654136
Flux_dis_20_1_mean: 902.8362656506482
Flux_dis_20_mean: 783.6400262095195
Flux_selected_10b_mean: 52.41364148665946
Flux_selected_20b_mean: 65.16931308791789
