Flux_10b_mean: 15.287730960413318
Flux_20b_mean: 12.717518558358119
Flux_dis_10_1_mean: 259.1824740353327
Flux_dis_10_mean: 205.68075528905015
Flux_dis_20_1_mean: 236.0978610068349
Flux_dis_20_mean: 198.33581558950294
Flux_selected_10b_mean: 16.028975842188707
Flux_selected_20b_mean: 16.0433737220645
Global_mean_flux_10: 71.07209436931673
Global_mean_flux_20: 65.59772487789084
Global_mean_flux_dis_10: 1067.028121181271
Global_mean_flux_dis_20: 891.2679575202482
Global_mean_flux_dis_selected_10: 2237.2295961561563
Global_mean_flux_dis_selected_20: 1495.8819774153135
Global_mean_flux_selected_10: 213.87471331931275
Global_mean_flux_selected_20: 177.50356588238586
