Flux_10b_mean: 60.24333409973352
Flux_20b_mean: 57.91320618895027
Flux_dis_10_1_mean: 946.5992527171095
Flux_dis_10_mean: 893.68620933845
Flux_dis_20_1_mean: 741.4107557784729
Flux_dis_20_mean: 699.6813391952088
Flux_selected_10b_mean: 66.21335896127657
Flux_selected_20b_mean: 62.91453241363477
