Flux_10b_mean: 49.84250103901802
Flux_20b_mean: 34.357991891058276
Flux_dis_10_1_mean: 811.491916731909
Flux_dis_10_mean: 752.1501642986075
Flux_dis_20_1_mean: 551.5007594941347
Flux_dis_20_mean: 461.9301602282967
Flux_selected_10b_mean: 56.85372216201362
Flux_selected_20b_mean: 49.05894914951455
Global_mean_flux_10: 71.07209436931673
Global_mean_flux_20: 65.59772487789084
Global_mean_flux_dis_10: 1067.028121181271
Global_mean_flux_dis_20: 891.2679575202482
Global_mean_flux_dis_selected_10: 2237.2295961561563
Global_mean_flux_dis_selected_20: 1495.8819774153135
Global_mean_flux_selected_10: 213.87471331931275
Global_mean_flux_selected_20: 177.50356588238586
