Flux_10b_mean: 16.76201213104912
Flux_20b_mean: 16.367320099202786
Flux_dis_10_1_mean: 314.89054075338345
Flux_dis_10_mean: 254.54287913682748
Flux_dis_20_1_mean: 271.86255427043227
Flux_dis_20_mean: 224.37890820122976
Flux_selected_10b_mean: 21.441503749686312
Flux_selected_20b_mean: 21.153212685879968
Global_mean_flux_10: 71.07209436931673
Global_mean_flux_20: 65.59772487789084
Global_mean_flux_dis_10: 1067.028121181271
Global_mean_flux_dis_20: 891.2679575202482
Global_mean_flux_dis_selected_10: 2237.2295961561563
Global_mean_flux_dis_selected_20: 1495.8819774153135
Global_mean_flux_selected_10: 213.87471331931275
Global_mean_flux_selected_20: 177.50356588238586
