Flux_10b_mean: 96.96105512333614
Flux_20b_mean: 56.71617272420152
Flux_dis_10_1_mean: 1578.1742623996265
Flux_dis_10_mean: 1468.4711905963054
Flux_dis_20_1_mean: 943.3305451674948
Flux_dis_20_mean: 819.7033082182345
Flux_selected_10b_mean: 109.30885540837293
Flux_selected_20b_mean: 77.24331987022931
Global_mean_flux_10: 71.07209436931673
Global_mean_flux_20: 65.59772487789084
Global_mean_flux_dis_10: 1067.028121181271
Global_mean_flux_dis_20: 891.2679575202482
Global_mean_flux_dis_selected_10: 2237.2295961561563
Global_mean_flux_dis_selected_20: 1495.8819774153135
Global_mean_flux_selected_10: 213.87471331931275
Global_mean_flux_selected_20: 177.50356588238586
