Flux_10b_mean: 198.3884376719471
Flux_20b_mean: 107.25318963847397
Flux_dis_10_1_mean: 2914.9855177048535
Flux_dis_10_mean: 3012.667197569545
Flux_dis_20_1_mean: 2256.746597162576
Flux_dis_20_mean: 1609.9552968030098
Flux_selected_10b_mean: 198.3884376719471
Flux_selected_20b_mean: 186.35548705680173
