Flux_10b_mean: 35.41917086903829
Flux_20b_mean: 23.898479757172808
Flux_dis_10_1_mean: 1838.4599040213245
Flux_dis_10_mean: 508.76509719024926
Flux_dis_20_1_mean: 1179.2260863769607
Flux_dis_20_mean: 449.447145333541
Flux_selected_10b_mean: 164.6883935386563
Flux_selected_20b_mean: 122.49552822342643
