Flux_10b_mean: 35.41916195858418
Flux_20b_mean: 23.898475470979083
Flux_dis_10_1_mean: 579.3993787767827
Flux_dis_10_mean: 508.7649749451163
Flux_dis_20_1_mean: 443.604582871582
Flux_dis_20_mean: 330.4916416731346
Flux_selected_10b_mean: 47.688786835111756
Flux_selected_20b_mean: 54.41616932741688
Global_mean_flux_10: 71.07209436931673
Global_mean_flux_20: 65.59772487789084
Global_mean_flux_dis_10: 1067.028121181271
Global_mean_flux_dis_20: 891.2679575202482
Global_mean_flux_dis_selected_10: 2237.2295961561563
Global_mean_flux_dis_selected_20: 1495.8819774153135
Global_mean_flux_selected_10: 213.87471331931275
Global_mean_flux_selected_20: 177.50356588238586
