Flux_10b_mean: 16.035620301795895
Flux_20b_mean: 85.7679551945879
Flux_dis_10_1_mean: 1530.3950492864838
Flux_dis_10_mean: 883.6639070233223
Flux_dis_20_1_mean: 891.6865092724863
Flux_dis_20_mean: 813.4831247129716
Flux_selected_10b_mean: 167.75823521540272
Flux_selected_20b_mean: 99.59860534459477
