Flux_10b_mean: 15.711026264789087
Flux_20b_mean: 14.166074450662672
Flux_dis_10_1_mean: 255.70163359381513
Flux_dis_10_mean: 205.19067505801317
Flux_dis_20_1_mean: 184.8191675509103
Flux_dis_20_mean: 152.6843325231851
Flux_selected_10b_mean: 24.194334165639773
Flux_selected_20b_mean: 22.103763818852045
Global_mean_flux_10: 71.07209436931673
Global_mean_flux_20: 65.59772487789084
Global_mean_flux_dis_10: 1067.028121181271
Global_mean_flux_dis_20: 891.2679575202482
Global_mean_flux_dis_selected_10: 2237.2295961561563
Global_mean_flux_dis_selected_20: 1495.8819774153135
Global_mean_flux_selected_10: 213.87471331931275
Global_mean_flux_selected_20: 177.50356588238586
