Flux_10b_mean: 32.32304317426904
Flux_20b_mean: 18.694958336135198
Flux_dis_10_1_mean: 1460.7204275362028
Flux_dis_10_mean: 457.1373906289385
Flux_dis_20_1_mean: 1606.0956725811227
Flux_dis_20_mean: 357.5684032901707
Flux_selected_10b_mean: 130.11373718364624
Flux_selected_20b_mean: 157.33507280328035
