Flux_10b_mean: 30.10315005967802
Flux_20b_mean: 18.080023346972347
Flux_dis_10_1_mean: 1421.0414640111705
Flux_dis_10_mean: 457.1373906289385
Flux_dis_20_1_mean: 1091.5677233994911
Flux_dis_20_mean: 274.5002301580161
Flux_selected_10b_mean: 128.1914399119187
Flux_selected_20b_mean: 122.82306528145989
Global_mean_flux_10: 71.07209436931673
Global_mean_flux_20: 65.59772487789084
Global_mean_flux_dis_10: 1067.028121181271
Global_mean_flux_dis_20: 891.2679575202482
Global_mean_flux_dis_selected_10: 2237.2295961561563
Global_mean_flux_dis_selected_20: 1495.8819774153135
Global_mean_flux_selected_10: 213.87471331931275
Global_mean_flux_selected_20: 177.50356588238586
