Flux_10b_mean: 94.86823473562501
Flux_20b_mean: 81.72763705284186
Flux_dis_10_1_mean: 2276.296148962828
Flux_dis_10_mean: 1300.5379507009645
Flux_dis_20_1_mean: 1613.5963380168046
Flux_dis_20_mean: 1157.5806000512528
Flux_selected_10b_mean: 169.52192321524888
Flux_selected_20b_mean: 146.126403882585
