Flux_10b_mean: 9.384148221290214
Flux_20b_mean: 10.44660618239819
Flux_dis_10_1_mean: 1482.5142354391246
Flux_dis_10_mean: 141.07490259545702
Flux_dis_20_1_mean: 936.5652089657746
Flux_dis_20_mean: 144.19423991070212
Flux_selected_10b_mean: 209.38590243273612
Flux_selected_20b_mean: 141.25989933855902
Global_mean_flux_10: 71.07209436931673
Global_mean_flux_20: 65.59772487789084
Global_mean_flux_dis_10: 1067.028121181271
Global_mean_flux_dis_20: 891.2679575202482
Global_mean_flux_dis_selected_10: 2237.2295961561563
Global_mean_flux_dis_selected_20: 1495.8819774153135
Global_mean_flux_selected_10: 213.87471331931275
Global_mean_flux_selected_20: 177.50356588238586
