Flux_10b_mean: 226.49467764436886
Flux_20b_mean: 120.05664617126055
Flux_dis_10_1_mean: 5853.227364947546
Flux_dis_10_mean: 3439.480111696882
Flux_dis_20_1_mean: 4177.693012279636
Flux_dis_20_mean: 1823.144151013769
Flux_selected_10b_mean: 451.17276697611396
Flux_selected_20b_mean: 487.94082053702675
Global_mean_flux_10: 71.07209436931673
Global_mean_flux_20: 65.59772487789084
Global_mean_flux_dis_10: 1067.028121181271
Global_mean_flux_dis_20: 891.2679575202482
Global_mean_flux_dis_selected_10: 2237.2295961561563
Global_mean_flux_dis_selected_20: 1495.8819774153135
Global_mean_flux_selected_10: 213.87471331931275
Global_mean_flux_selected_20: 177.50356588238586
