Flux_10b_mean: 343.191616584186
Flux_20b_mean: 191.8227627112437
Flux_dis_10_1_mean: 4901.565586292814
Flux_dis_10_mean: 4707.895721491118
Flux_dis_20_1_mean: 6114.459349779767
Flux_dis_20_mean: 2770.9758245512307
Flux_selected_10b_mean: 335.8417374213718
Flux_selected_20b_mean: 496.89362551299183
