Flux_10b_mean: 43.71429716277324
Flux_20b_mean: 114.29186324582378
Flux_dis_10_1_mean: 3056.0865592498276
Flux_dis_10_mean: 602.7808267666984
Flux_dis_20_1_mean: 1865.418765034909
Flux_dis_20_mean: 1575.546284122921
Flux_selected_10b_mean: 227.2265433871681
Flux_selected_20b_mean: 142.70993127331948
