Flux_10b_mean: 32.37464734792912
Flux_20b_mean: 25.045810520126977
Flux_dis_10_1_mean: 659.1074420441756
Flux_dis_10_mean: 478.46570265873305
Flux_dis_20_1_mean: 467.86835402490624
Flux_dis_20_mean: 353.53581108123154
Flux_selected_10b_mean: 49.05256729154318
Flux_selected_20b_mean: 45.17991441011315
Global_mean_flux_10: 71.07209436931673
Global_mean_flux_20: 65.59772487789084
Global_mean_flux_dis_10: 1067.028121181271
Global_mean_flux_dis_20: 891.2679575202482
Global_mean_flux_dis_selected_10: 2237.2295961561563
Global_mean_flux_dis_selected_20: 1495.8819774153135
Global_mean_flux_selected_10: 213.87471331931275
Global_mean_flux_selected_20: 177.50356588238586
